...38-

1111111111111 11111111111111 11111. 1111111111 ,1111111111
11111111 1111111111111111111111111111, 111111111111111111 1111111111
111111 refugii, 11111111 11 1111111111 1111111111 populi 1111-
11111111, 1111111 111111111111 11111111111111 11 1111111111. 1111111111
mihi: „Ibo 1111111 11 1111111111 11 cum 1111111 11111111
111111111111111111. [11311] 11111111111111, mi domine,
- 1111, 1111111111 111111 1111111111 111 1111 11111111 11111. EA
Joseph 1111111111 1111111111 ,1111111111 1111111 excelso
11 nomen 1111111 111111111111111 111111111111111, quod Deos muros
11111111 1111111111 11111111 111111111111111111 11111111· 1111111111

> 11111, 11111111111111111111111111 111111 refugii 1111111111,

quibus Dominus Deus 1111111111 1111111111 1111111111, 111111
1111 111, qui 11 11 1111111111, mihi 11111 1111 11111111 11 -
11111. 11111111 1111111111, virgo pura! Gur 1111 procul
1111111111( 11111111 11111111 1111 1111111111 nu u 1111
lorum suorum 11111111 1111111 1111111. 1111 111111 1111111111 1111111 111111
111111111111111111111111 1111111111 1111 11111 111111 1111 1111111111
1111111111111)11111111111111111111 11111111 1111111111111 A).
1111111111111111111111111 11111111 1111 111 1111 11111111 1111111111 11111
111111111111111111 11111111111111111 1111111111111111111111
111111111111111111111111 11111111111111111111 1111111111 11 11111
1111111111 1111111111111111 11111111· 1111111111 1111111, 111-11
1111111111111 ,,111111,111111)1111,1111111 11111111111111111, qu
domine, cenam magnam 11111111 1111111111111111 11 manus
11111111111111111111111,11111111 1111111111 1111111 11111111111111
111111111111111111111111. 111111111111111111111111111111
111111111111111111111111,11111111111111111311111111111

11111111111111111111.“ ,1111111111111111 1111 „Non ’111, s

1111 domine. 01111111 11111111 puellis pedes 11111, mi domine,
111111 1111111 ego, puella 1111111111, pedes domini 11111

-ν--ψ-ο·

111111 11115310

wege 1ιοί111
1 1111111111 1, 1, ς 111.

 

