..41-

manibus 111111111111111111111 11111111 inihi 1111111111111111111
»111 11 1111111111 sapientiae, 1111 spn1155 111 1111111111
11111 1111 111 “ “
(1111111111111111111111111111,1111111111)111111111 111111
11111111111111111, 111111111111 inopiae 5111 1i 111111·111111111111.1111111
111-,1111111111111111 1111111111 11111111, 11111111 1111111111
11111111111111111111111111111111111111111111111111111111111111111111
111 1111 11111 1515 5115 1115 5515 111111111111111 1111111111111111111 11
11111 111111111111111 1111111 11111. 111111111111111111111 111111111111111
,11111[111111111111111111111111111111111 [11111111111111111111-
11111111 111111.ζί 11111111 1111111111 ,11111111111111111111111111111
1111111111 1111111111 11111111 11111111 111 11111111 1111111111,11 111
1111111111111111111111111111111111[11. 35] 1111111111111111111111
111111111111111.111111111111111111111111111111111111111111111
1111111111111111111112)1111111111,(1111111 11111111111111111111-
11111111 111, 1111111 11111 1111111111111111111111111111111111111
111111111111111111111111111111111111111111111111111111111111111111111
111111111111111 111111 1111111111111111111111 1111111, 1111111111111
1111111111111111111 11111 1111111 1111111111111, 11111111111113)
1111111111 11 1111111111 11111 11 1111111111111111111 1111111111-
1111 111111111 speeies angnii 1111111111 1111111111 1111111111-
111111111111 111111 1111111111111111 111111,111“1111111)11)
11111111111111111111111111111111111111111111·,11111111111111111111111
11111111 1111111111 1111111( (11111 1111111( 111ι11111111111111 ,11111111
111111111111111111111 11111111 5511551551515505155150“ Quam
. 1111111111111111111111111111111111111111111111111111111
111111 11151115551155 1111111111 1111111111 ι111111 11111111111111
11111· 111 111111 55 1111111111111111111111111 1111111111 suani
111111 111111111111 1111111111 111111.. Posi 11111 11111111111111111111111;
111111111111111111111111ν1111111111111,111111111111111111111111.
Quos 1111111111 11111111 11111 111111111111111111111111111111, 1111
11111
11111111 .
³) lege <ulfo
11. 111, 11, 55.

 

