„15¹-⁴v

111111 1111111111111 1111111111 111111 feriamus 11111111 111111111111111
1111111111111111111111 1111,11111111111,1111111111111111111-
111111 11 1111111111 11 1111111 1111111 11111 1111ς1·111111111111
1 Ρ11111ο 11111 111111· 1155 11111111 1111111111 111111· 1111111·.“
111111111111111111111111111111111111 11 11111111111111 11111 1155
11111111 11111 11111111111111111111111111 5111 5111111'1 1551 115 11111111-
11111 11 111111 11111111111111 11111111 Ρ1111111111111111 1111111111
11111111 11111 1111111111111111111111111111111111111111
1111111 111111 111111111111111 ¹15-110 11111111 11111111
11111111111111111111111111111111111111311111111111111 11111111 11111111111111 111,
’111111111111111 111111111111 111111111111111111111111111111111111-
1111111111 11111111111111111111111111 11111 1111111111 1111111111
1111111111111111111111111111111111111111111111111111111111111
1111111111 1111111111 11111111111111111111·111111’11,111111111Ρ111-
1151 1111111 15551⁷ 11111111111111111111111·111111·1
11111111111111111111111111111·11.’
11111111111111111111111 11111· 11111111, 111111111111111
1111111111111111111111111111111111111 1111111111 11111 111111111.

 

